100
4 23.50 27.00 18.50 29.50 19.07 30.64 23.50 33.30
4 8.39 25.18 11.58 24.65 9.75 21.00 7.00 21.00
6 33.94 1.78 31.50 3.00 28.75 7.12 31.50 8.50 32.86 8.05 34.19 2.75
5 34.50 0.25 40.00 3.00 43.50 1.83 45.58 -0.94 34.50 -0.94
5 37.00 45.00 36.14 44.71 34.62 45.62 34.29 47.94 39.94 47.94
5 0.50 26.50 2.90 22.90 2.23 18.89 -0.98 16.08 -0.98 26.50
4 0.50 35.50 0.50 26.50 -0.98 26.50 -0.98 36.39
4 25.64 41.79 22.43 35.36 21.50 36.10 21.50 40.75
5 37.00 45.00 42.00 45.00 40.50 43.50 36.75 43.50 36.14 44.71
5 45.36 9.50 47.18 15.88 49.98 16.28 49.98 4.12 45.63 7.60
6 36.25 18.50 36.75 19.50 37.00 19.83 42.00 16.50 35.37 13.18 35.00 13.50
7 18.50 29.50 15.75 26.75 15.24 26.65 10.15 34.28 10.65 35.00 16.17 35.00 19.07 30.64
4 2.00 34.75 2.00 27.50 0.50 26.50 0.50 35.50
3 35.00 13.50 32.50 18.50 36.25 18.50
7 26.24 42.15 26.50 41.50 26.50 35.50 26.00 33.50 23.67 33.50 22.43 35.36 25.64 41.79
6 -0.07 13.50 3.00 9.20 3.00 1.90 1.22 -0.94 -0.98 -0.94 -0.98 14.14
4 32.00 20.25 31.50 21.00 31.50 25.50 35.17 21.83
4 25.50 3.00 25.50 8.75 28.75 7.12 31.50 3.00
6 32.15 37.62 31.77 36.68 26.57 33.21 26.00 33.50 26.50 35.50 29.50 38.50
3 44.50 27.50 49.98 27.50 49.98 22.02
6 45.50 16.50 45.63 16.53 47.18 15.88 45.36 9.50 40.83 9.50 39.90 10.90
6 9.50 3.90 15.03 8.32 15.22 8.34 17.17 2.50 16.88 -0.94 9.50 -0.94
7 15.24 26.65 15.75 26.75 22.45 22.73 19.25 15.25 17.97 13.97 15.11 17.23 14.00 25.00
7 37.00 21.38 40.30 25.50 41.44 26.31 45.63 16.53 45.50 16.50 42.00 16.50 37.00 19.83
6 44.50 27.50 42.07 28.20 41.59 30.41 49.86 35.14 49.98 35.15 49.98 27.50
7 26.50 41.50 26.24 42.15 26.55 42.97 32.07 40.21 32.62 38.00 32.15 37.62 29.50 38.50
4 32.50 34.50 34.00 33.00 31.90 30.90 30.10 32.10
7 41.44 26.31 42.07 28.20 44.50 27.50 49.98 22.02 49.98 16.28 47.18 15.88 45.63 16.53
6 17.75 39.50 11.10 39.50 10.75 43.00 17.00 43.00 17.67 42.67 18.50 41.00
4 32.07 40.21 33.00 43.00 38.00 38.00 32.62 38.00
5 25.09 23.05 29.50 25.70 29.50 21.00 27.83 20.17 25.50 22.50
8 40.00 7.00 40.50 6.50 40.50 4.50 40.00 3.00 34.50 0.25 33.94 1.78 34.19 2.75 37.38 7.00
6 32.50 18.50 35.00 13.50 30.00 13.50 29.33 14.83 30.10 17.90 31.90 19.10
5 14.50 8.50 6.50 8.50 3.00 9.20 -0.07 13.50 7.83 13.50
8 6.17 20.17 3.39 19.06 2.23 18.89 2.90 22.90 4.00 24.00 8.15 25.38 8.39 25.18 7.00 21.00
8 2.23 18.89 3.39 19.06 8.00 16.75 8.00 14.00 7.83 13.50 -0.07 13.50 -0.98 14.14 -0.98 16.08
5 32.50 28.50 31.90 30.90 34.00 33.00 40.05 33.00 41.30 30.70
3 -0.98 40.09 -0.98 47.94 8.18 47.94
7 26.00 33.50 26.57 33.21 26.82 32.92 27.59 29.05 23.50 27.00 23.50 33.30 23.67 33.50
5 26.55 42.97 26.67 44.00 33.00 44.00 33.00 43.00 32.07 40.21
7 34.50 0.25 34.50 -0.94 25.79 -0.94 25.10 2.50 25.50 3.00 31.50 3.00 33.94 1.78
5 31.77 36.68 32.50 34.50 30.10 32.10 26.82 32.92 26.57 33.21
5 11.79 17.79 8.00 14.00 8.00 16.75 10.50 18.00 11.25 18.00
6 19.25 15.25 22.45 22.73 23.50 23.25 25.09 23.05 25.50 22.50 25.50 16.50
8 31.50 25.50 31.00 26.00 32.50 28.50 41.30 30.70 41.59 30.41 42.07 28.20 41.44 26.31 40.30 25.50
4 4.00 27.50 6.61 29.24 8.15 25.38 4.00 24.00
7 35.70 12.30 32.86 8.05 31.50 8.50 29.43 12.64 30.00 13.50 35.00 13.50 35.37 13.18
5 2.90 22.90 0.50 26.50 2.00 27.50 4.00 27.50 4.00 24.00
4 10.50 18.00 8.00 16.75 3.39 19.06 6.17 20.17
5 39.94 47.94 44.65 47.94 42.50 45.25 42.00 45.00 37.00 45.00
6 42.00 16.50 45.50 16.50 39.90 10.90 36.17 11.83 35.70 12.30 35.37 13.18
6 21.50 36.10 18.45 36.71 17.75 39.50 18.50 41.00 21.00 41.00 21.50 40.75
8 11.10 39.50 10.65 35.00 10.15 34.28 7.17 33.20 2.00 34.75 0.50 35.50 -0.98 36.39 -0.98 39.50
5 36.17 11.83 39.90 10.90 40.83 9.50 40.00 7.00 37.38 7.00
7 30.10 32.10 31.90 30.90 32.50 28.50 31.00 26.00 29.88 26.00 27.59 29.05 26.82 32.92
9 29.33 14.83 30.00 13.50 29.43 12.64 25.21 9.26 17.83 11.72 17.97 13.97 19.25 15.25 25.50 16.50 26.00 16.50
5 21.00 46.00 17.67 42.67 17.00 43.00 17.00 47.94 21.97 47.94
4 17.17 2.50 25.10 2.50 25.79 -0.94 16.88 -0.94
6 29.50 21.00 29.50 25.70 29.88 26.00 31.00 26.00 31.50 25.50 31.50 21.00
9 11.79 17.79 15.11 17.23 17.97 13.97 17.83 11.72 15.22 8.34 15.03 8.32 14.50 8.50 7.83 13.50 8.00 14.00
8 8.39 25.18 8.15 25.38 6.61 29.24 7.17 33.20 10.15 34.28 15.24 26.65 14.00 25.00 11.58 24.65
7 15.22 8.34 17.83 11.72 25.21 9.26 25.50 8.75 25.50 3.00 25.10 2.50 17.17 2.50
5 7.17 33.20 6.61 29.24 4.00 27.50 2.00 27.50 2.00 34.75
9 21.00 41.00 21.00 46.00 21.97 47.94 25.35 47.94 26.67 44.00 26.55 42.97 26.24 42.15 25.64 41.79 21.50 40.75
5 6.50 3.30 6.50 8.50 14.50 8.50 15.03 8.32 9.50 3.90
7 47.50 37.50 49.86 35.14 41.59 30.41 41.30 30.70 40.05 33.00 39.39 36.61 40.50 37.50
7 34.62 45.62 36.14 44.71 36.75 43.50 38.00 38.50 38.00 38.00 33.00 43.00 33.00 44.00
5 3.00 1.90 6.50 3.30 9.50 3.90 9.50 -0.94 1.22 -0.94
5 22.45 22.73 15.75 26.75 18.50 29.50 23.50 27.00 23.50 23.25
8 32.15 37.62 32.62 38.00 38.00 38.00 39.39 36.61 40.05 33.00 34.00 33.00 32.50 34.50 31.77 36.68
7 30.10 17.90 27.83 20.17 29.50 21.00 31.50 21.00 32.00 20.25 32.00 19.50 31.90 19.10
5 42.50 45.25 44.65 47.94 46.00 47.94 46.00 43.00 42.50 39.50
3 26.50 35.50 26.50 41.50 29.50 38.50
5 36.25 18.50 32.50 18.50 31.90 19.10 32.00 19.50 36.75 19.50
8 39.39 36.61 38.00 38.00 38.00 38.50 40.50 43.50 42.00 45.00 42.50 45.25 42.50 39.50 40.50 37.50
5 16.17 35.00 10.65 35.00 11.10 39.50 17.75 39.50 18.45 36.71
6 40.83 9.50 45.36 9.50 45.63 7.60 44.17 6.50 40.50 6.50 40.00 7.00
3 40.50 43.50 38.00 38.50 36.75 43.50
6 46.67 41.00 49.98 41.00 49.98 35.15 49.86 35.14 47.50 37.50 46.17 39.50
4 27.83 20.17 30.10 17.90 29.33 14.83 26.00 16.50
5 34.19 2.75 32.86 8.05 35.70 12.30 36.17 11.83 37.38 7.00
5 28.75 7.12 25.50 8.75 25.21 9.26 29.43 12.64 31.50 8.50
5 26.67 44.00 25.35 47.94 34.29 47.94 34.62 45.62 33.00 44.00
7 43.50 1.83 43.50 4.50 44.17 6.50 45.63 7.60 49.98 4.12 49.98 -0.94 45.58 -0.94
6 11.58 24.65 14.00 25.00 15.11 17.23 11.79 17.79 11.25 18.00 9.75 21.00
4 8.28 47.94 17.00 47.94 17.00 43.00 10.75 43.00
6 32.00 19.50 32.00 20.25 35.17 21.83 37.00 21.38 37.00 19.83 36.75 19.50
6 29.88 26.00 29.50 25.70 25.09 23.05 23.50 23.25 23.50 27.00 27.59 29.05
7 22.43 35.36 23.67 33.50 23.50 33.30 19.07 30.64 16.17 35.00 18.45 36.71 21.50 36.10
4 37.00 21.38 35.17 21.83 31.50 25.50 40.30 25.50
5 46.67 41.00 46.00 43.00 46.00 47.94 49.98 47.94 49.98 41.00
4 3.00 1.90 3.00 9.20 6.50 8.50 6.50 3.30
4 46.17 39.50 47.50 37.50 40.50 37.50 42.50 39.50
4 40.50 4.50 40.50 6.50 44.17 6.50 43.50 4.50
4 25.50 16.50 25.50 22.50 27.83 20.17 26.00 16.50
4 18.50 41.00 17.67 42.67 21.00 46.00 21.00 41.00
6 10.75 43.00 11.10 39.50 -0.98 39.50 -0.98 40.09 8.18 47.94 8.28 47.94
4 40.00 3.00 40.50 4.50 43.50 4.50 43.50 1.83
5 9.75 21.00 11.25 18.00 10.50 18.00 6.17 20.17 7.00 21.00
4 42.50 39.50 46.00 43.00 46.67 41.00 46.17 39.50
