30
8 659.07 801.11 720.10 684.42 705.06 605.88 679.57 599.54 453.43 721.31 437.95 790.95 612.53 826.94 644.40 818.45
4 956.15 708.78 928.43 888.93 1006.14 970.14 1006.14 679.90
4 80.14 857.89 28.77 607.88 10.86 600.90 10.86 975.86
4 453.43 721.31 679.57 599.54 488.45 522.90 452.22 539.78
6 28.77 607.88 202.73 638.71 296.30 530.28 174.86 388.36 10.86 411.02 10.86 600.90
4 445.30 23.38 398.77 23.38 282.94 195.38 527.81 308.75
4 566.86 321.14 766.60 458.55 850.58 23.38 792.38 23.38
8 271.35 223.35 337.92 368.23 529.42 351.21 545.73 326.80 527.81 308.75 282.94 195.38 277.62 199.21 271.38 216.04
5 732.62 991.62 757.00 991.62 842.96 882.51 659.07 801.11 644.40 818.45
5 612.53 826.94 437.95 790.95 348.20 832.79 348.72 991.62 544.48 991.62
5 146.93 118.72 277.62 199.21 282.94 195.38 398.77 23.38 77.01 23.38
9 316.33 521.30 296.30 530.28 202.73 638.71 255.68 753.36 302.44 801.43 348.20 832.79 437.95 790.95 453.43 721.31 452.22 539.78
5 488.45 522.90 529.42 351.21 337.92 368.23 316.33 521.30 452.22 539.78
4 348.20 832.79 302.44 801.43 53.73 991.62 348.72 991.62
5 842.96 882.51 874.96 871.47 815.68 719.78 720.10 684.42 659.07 801.11
6 874.96 871.47 842.96 882.51 757.00 991.62 1006.14 991.62 1006.14 970.14 928.43 888.93
4 202.73 638.71 28.77 607.88 80.14 857.89 255.68 753.36
5 766.60 458.55 779.52 490.62 929.38 487.46 920.00 23.38 850.58 23.38
6 271.38 216.04 277.62 199.21 146.93 118.72 57.77 199.62 10.86 254.65 10.86 294.19
5 174.86 388.36 296.30 530.28 316.33 521.30 337.92 368.23 271.35 223.35
8 679.57 599.54 705.06 605.88 779.52 490.62 766.60 458.55 566.86 321.14 545.73 326.80 529.42 351.21 488.45 522.90
4 928.43 888.93 956.15 708.78 815.68 719.78 874.96 871.47
5 545.73 326.80 566.86 321.14 792.38 23.38 445.30 23.38 527.81 308.75
6 302.44 801.43 255.68 753.36 80.14 857.89 10.86 975.86 10.86 991.62 53.73 991.62
8 705.06 605.88 720.10 684.42 815.68 719.78 956.15 708.78 1006.14 679.90 1006.14 512.33 929.38 487.46 779.52 490.62
4 57.77 199.62 146.93 118.72 77.01 23.38 28.40 23.38
4 644.40 818.45 612.53 826.94 544.48 991.62 732.62 991.62
4 929.38 487.46 1006.14 512.33 1006.14 23.38 920.00 23.38
5 174.86 388.36 271.35 223.35 271.38 216.04 10.86 294.19 10.86 411.02
4 57.77 199.62 28.40 23.38 10.86 23.38 10.86 254.65
