40
6 6.00 14.50 5.25 13.00 4.50 12.50 3.25 12.75 1.50 14.50 6.00 16.75
4 7.00 2.00 9.17 -0.17 9.22 -0.38 4.62 -0.38
5 14.50 5.50 11.50 5.50 9.00 8.00 12.50 8.00 14.50 7.00
7 1.88 8.65 3.25 12.75 4.50 12.50 5.00 11.75 5.00 8.50 3.50 7.50 2.62 7.68
8 13.50 12.50 11.50 14.50 11.50 16.10 15.60 19.38 19.38 19.38 19.38 17.30 18.00 15.00 17.50 14.50
4 2.00 6.75 2.00 3.67 -0.38 2.87 -0.38 5.56
6 14.50 5.50 15.64 3.60 13.35 1.88 10.64 2.79 10.36 3.21 11.50 5.50
5 9.17 -0.17 10.64 2.79 13.35 1.88 12.78 -0.38 9.22 -0.38
5 13.35 1.88 15.64 3.60 15.71 3.58 17.69 -0.38 12.78 -0.38
5 19.38 9.56 19.38 7.06 18.50 7.50 16.50 9.50 18.00 10.25
4 16.50 9.50 18.50 7.50 14.75 7.50 15.25 9.50
4 9.00 8.00 9.00 3.67 7.64 3.21 6.50 5.50
4 10.36 3.21 9.00 3.67 9.00 8.00 11.50 5.50
6 18.00 15.00 18.00 10.25 16.50 9.50 15.25 9.50 15.12 9.75 17.50 14.50
7 14.75 7.50 14.50 7.00 12.50 8.00 12.50 10.50 13.50 10.83 15.12 9.75 15.25 9.50
4 18.00 10.25 18.00 15.00 19.38 17.30 19.38 9.56
5 6.17 17.00 4.90 18.90 4.78 19.38 8.50 19.38 8.50 17.00
6 4.83 5.50 6.50 5.50 7.64 3.21 7.00 2.25 5.17 3.17 4.50 4.50
6 6.17 17.00 8.50 17.00 9.05 16.59 8.00 14.50 6.00 14.50 6.00 16.75
6 9.00 8.00 8.83 8.50 9.04 9.73 9.50 10.50 12.50 10.50 12.50 8.00
6 1.50 14.50 3.25 12.75 1.88 8.65 -0.38 9.22 -0.38 15.18 0.83 14.83
6 2.00 3.67 2.50 3.50 3.00 2.50 3.00 -0.38 -0.38 -0.38 -0.38 2.87
4 3.00 2.50 4.50 2.50 4.50 -0.38 3.00 -0.38
5 3.00 2.50 2.50 3.50 4.50 4.50 5.17 3.17 4.50 2.50
7 5.00 11.75 4.50 12.50 5.25 13.00 8.00 13.00 9.50 11.50 9.50 10.50 9.04 9.73
4 15.12 9.75 13.50 10.83 13.50 12.50 17.50 14.50
4 19.38 5.05 19.38 -0.38 17.69 -0.38 15.71 3.58
4 8.83 8.50 5.00 8.50 5.00 11.75 9.04 9.73
6 5.00 8.50 8.83 8.50 9.00 8.00 6.50 5.50 4.83 5.50 3.50 7.50
5 2.62 7.68 2.00 6.75 -0.38 5.56 -0.38 9.22 1.88 8.65
7 7.64 3.21 9.00 3.67 10.36 3.21 10.64 2.79 9.17 -0.17 7.00 2.00 7.00 2.25
6 11.50 16.10 11.50 14.50 9.50 11.50 8.00 13.00 8.00 14.50 9.05 16.59
4 8.00 14.50 8.00 13.00 5.25 13.00 6.00 14.50
6 4.50 2.50 5.17 3.17 7.00 2.25 7.00 2.00 4.62 -0.38 4.50 -0.38
5 1.50 14.50 0.83 14.83 4.90 18.90 6.17 17.00 6.00 16.75
6 12.50 10.50 9.50 10.50 9.50 11.50 11.50 14.50 13.50 12.50 13.50 10.83
7 2.00 3.67 2.00 6.75 2.62 7.68 3.50 7.50 4.83 5.50 4.50 4.50 2.50 3.50
5 4.90 18.90 0.83 14.83 -0.38 15.18 -0.38 19.38 4.78 19.38
5 11.50 16.10 9.05 16.59 8.50 17.00 8.50 19.38 15.60 19.38
8 15.71 3.58 15.64 3.60 14.50 5.50 14.50 7.00 14.75 7.50 18.50 7.50 19.38 7.06 19.38 5.05
