500
4 18.50 16.50 18.50 19.00 19.50 19.00 19.50 17.00
5 16.50 5.25 16.50 2.00 16.17 1.83 14.00 4.00 14.83 4.83
6 38.79 5.64 38.50 6.50 39.83 9.17 41.70 8.70 42.35 6.12 39.50 5.17
8 36.67 -0.67 37.50 1.00 40.00 2.25 40.83 1.83 41.00 1.50 41.00 1.00 39.02 -0.98 36.71 -0.98
6 4.50 3.50 2.50 2.50 1.83 2.50 1.50 3.50 1.50 5.17 2.50 5.50
7 4.95 41.91 4.17 42.50 4.00 43.00 4.00 46.50 7.00 46.50 7.00 46.00 5.68 42.03
8 19.50 4.50 18.00 4.50 16.71 5.36 17.25 7.50 17.33 7.67 19.00 8.50 20.50 5.50 20.50 4.83
7 8.93 49.07 7.00 46.50 4.00 46.50 3.10 47.10 2.50 49.50 2.50 49.98 8.82 49.98
5 10.50 1.50 10.67 2.00 13.33 2.00 14.33 -0.98 10.50 -0.98
6 13.50 20.50 13.50 21.50 17.25 21.50 17.07 20.79 15.50 20.00 14.50 20.00
5 23.75 45.00 22.83 46.83 24.50 48.50 25.25 47.00 24.25 45.00
6 1.79 31.36 -0.98 32.74 -0.98 35.50 1.50 35.50 2.00 35.00 2.00 31.50
4 40.50 40.50 42.00 39.00 42.00 38.50 40.50 38.50
5 17.86 31.57 17.05 31.41 16.50 32.50 16.50 35.50 18.50 33.50
6 21.00 39.00 19.67 37.67 19.00 38.00 19.00 41.50 20.29 42.36 21.00 42.00
4 43.00 48.00 41.02 49.98 43.50 49.98 43.50 48.50
4 24.00 11.00 24.00 9.25 22.50 8.50 22.50 11.00
4 48.00 12.00 48.50 12.00 48.50 9.50 46.50 10.50
5 18.50 13.50 19.50 12.50 18.00 11.00 17.50 11.50 17.50 13.00
5 24.50 48.50 22.83 46.83 18.07 49.21 18.15 49.98 24.50 49.98
7 10.00 31.33 9.50 31.50 8.50 32.50 9.50 33.50 11.00 33.50 11.00 32.00 10.50 31.50
4 47.50 3.50 47.50 6.50 49.98 7.33 49.98 4.74
4 48.00 25.00 49.00 26.00 49.98 26.00 49.98 23.02
5 9.50 17.50 8.83 16.83 8.50 16.75 8.50 20.50 9.50 20.00
5 13.33 2.00 14.00 4.00 16.17 1.83 14.76 -0.98 14.33 -0.98
4 44.00 24.00 45.50 24.00 45.50 22.50 44.00 22.50
9 22.50 8.50 24.00 9.25 26.50 8.00 26.67 7.67 26.00 7.00 24.00 6.33 23.50 6.50 22.50 7.50 22.25 8.25
5 17.50 48.00 18.00 49.00 22.00 45.00 20.10 43.10 17.32 47.27
4 1.50 5.17 1.50 3.50 -0.98 3.50 -0.98 5.99
6 33.00 32.25 31.50 31.50 29.95 34.59 30.00 34.62 30.83 34.83 33.00 33.75
5 41.00 28.50 38.50 28.50 38.50 29.50 39.50 30.50 41.00 29.75
6 38.50 39.50 39.25 38.00 38.50 36.50 37.50 35.50 35.90 37.90 36.50 38.50
7 24.50 12.50 24.50 13.50 25.50 14.50 26.75 14.50 27.00 13.50 27.00 12.75 26.50 12.50
6 12.00 4.67 14.00 4.00 13.33 2.00 10.67 2.00 10.50 2.50 10.50 4.17
6 5.68 42.03 7.00 46.00 9.50 43.50 8.50 42.50 7.00 42.00 5.75 42.00
4 7.00 18.50 7.75 17.00 6.00 17.00 4.50 18.50
5 43.00 10.00 45.50 10.83 46.00 10.50 46.00 8.50 44.50 8.50
4 26.50 38.50 27.00 39.50 28.50 39.50 28.50 38.50
4 10.00 26.50 10.00 25.50 7.50 25.50 8.00 26.50
5 1.50 42.50 1.00 41.50 -0.98 41.50 -0.98 44.00 0.00 44.00
6 15.00 26.75 16.50 27.50 17.00 27.50 18.93 26.21 16.17 24.83 15.00 26.00
5 42.50 11.50 44.00 13.00 45.50 11.50 45.50 10.83 43.00 10.00
3 25.50 14.50 22.50 14.50 24.00 16.00
4 26.75 14.50 29.50 14.50 29.50 13.50 27.00 13.50
8 12.50 25.50 11.00 24.75 10.17 25.17 10.00 25.50 10.00 26.50 10.17 26.83 11.50 27.50 12.50 26.50
6 47.50 44.50 46.50 46.50 47.50 49.50 47.86 49.98 49.98 49.98 49.98 44.50
4 28.50 2.50 30.00 2.50 30.00 1.50 27.50 1.50
6 7.50 38.50 8.83 37.83 9.25 37.00 9.00 36.50 6.50 36.50 6.50 37.50
6 24.00 16.00 24.00 17.75 26.50 16.50 27.10 15.90 26.75 14.50 25.50 14.50
7 4.75 13.00 4.00 12.50 2.50 12.50 1.50 13.50 1.50 15.00 3.50 15.00 3.83 14.83
9 17.25 21.50 17.33 21.67 18.00 22.00 19.50 21.50 20.50 19.50 19.50 19.00 18.50 19.00 17.50 19.50 17.07 20.79
5 26.00 27.50 24.50 27.50 23.30 28.70 24.14 29.95 26.00 29.33
6 34.50 9.50 34.50 10.50 35.00 11.00 38.40 11.00 38.50 10.50 36.50 8.50
5 40.00 19.50 42.00 19.50 42.00 16.67 41.50 16.50 40.00 17.25
6 6.00 17.00 5.00 16.00 3.50 17.50 3.25 18.00 4.21 18.64 4.50 18.50
6 1.50 9.83 1.50 10.50 2.50 12.50 4.00 12.50 4.00 10.00 3.25 9.25
9 26.50 21.83 25.50 21.50 24.50 21.50 24.00 22.50 24.00 24.50 24.21 24.64 26.50 23.50 26.93 22.21 26.90 22.10
4 13.85 36.38 15.03 39.32 19.00 38.00 16.50 35.50
5 41.50 2.50 43.00 2.50 43.00 1.50 41.00 1.50 40.83 1.83
5 24.00 22.50 21.50 22.50 21.50 24.17 22.50 24.50 24.00 24.50
6 24.50 25.50 26.50 26.50 27.25 26.25 27.50 25.50 26.50 23.50 24.21 24.64
5 31.50 1.00 32.00 1.25 32.50 1.00 32.50 -0.98 31.50 -0.98
5 1.50 18.50 2.10 17.90 0.83 16.00 -0.98 16.00 -0.98 19.74
5 30.50 45.50 28.50 47.50 28.83 48.50 29.10 48.90 31.50 46.50
5 47.50 23.00 47.00 23.00 45.83 24.17 46.50 25.50 47.50 25.00
5 29.10 48.90 28.83 48.50 26.50 48.50 25.02 49.98 29.37 49.98
6 0.10 8.90 1.50 9.83 3.25 9.25 3.50 8.50 3.00 7.50 1.50 7.50
7 14.21 16.07 14.20 15.98 13.83 15.83 12.50 16.50 11.50 17.50 11.50 19.00 12.75 19.00
4 43.50 0.50 45.50 0.50 46.98 -0.98 43.01 -0.98
5 40.50 32.50 39.00 34.00 40.50 34.50 42.50 33.50 42.00 32.50
4 33.00 22.00 31.50 23.50 33.50 23.50 33.50 22.50
4 18.00 2.50 18.00 4.50 19.50 4.50 19.50 2.50
5 24.00 41.00 25.50 42.50 27.50 41.50 27.00 40.50 24.50 40.50
7 30.00 2.50 30.50 3.50 32.00 2.00 32.00 1.25 31.50 1.00 30.25 1.00 30.00 1.50
4 3.17 25.83 1.50 27.50 1.50 28.50 4.50 28.50
5 27.17 12.50 30.00 12.50 30.00 12.00 29.50 11.50 27.50 11.50
5 37.17 30.17 35.50 28.50 35.00 28.25 35.00 30.00 36.50 31.50
6 30.33 21.00 28.00 21.00 26.90 22.10 26.93 22.21 30.50 24.00 30.50 21.50
5 44.00 46.00 45.50 46.00 45.50 44.50 45.00 44.00 43.50 45.50
4 11.50 12.50 12.00 12.00 10.50 10.50 8.50 12.50
7 1.50 15.00 0.83 16.00 2.10 17.90 2.50 18.00 3.25 18.00 3.50 17.50 3.50 15.00
4 30.50 18.00 31.75 18.00 32.50 16.50 30.50 16.50
6 39.50 30.50 37.77 33.95 37.80 34.00 39.00 34.00 40.50 32.50 40.50 31.50
4 47.50 6.50 45.50 6.50 45.00 7.00 46.00 8.00
7 40.00 38.00 39.25 38.00 38.50 39.50 38.83 40.50 39.79 41.93 40.50 40.50 40.50 38.50
5 1.17 29.50 1.50 28.50 1.50 27.50 -0.98 27.50 -0.98 29.50
6 43.00 48.00 44.00 47.00 44.00 46.00 43.50 45.50 42.50 45.50 42.50 47.50
5 35.00 11.00 34.50 10.50 33.50 11.00 33.50 13.50 35.00 14.00
5 2.50 46.50 3.10 47.10 4.00 46.50 4.00 43.00 1.83 45.17
4 48.50 2.00 49.98 2.00 49.98 0.50 48.50 0.50
5 40.00 2.25 40.00 3.50 41.50 3.50 41.50 2.50 40.83 1.83
5 47.50 27.50 47.50 28.17 49.98 29.82 49.98 26.00 49.00 26.00
6 42.50 24.83 42.50 22.00 42.00 21.75 41.17 22.17 40.25 24.00 40.50 24.17
5 8.00 27.50 9.50 27.50 10.17 26.83 10.00 26.50 8.00 26.50
5 12.00 28.50 12.00 29.00 12.50 29.50 14.50 29.50 14.00 28.50
7 43.83 4.17 45.17 3.83 45.83 3.17 45.50 2.50 43.50 0.50 43.00 1.50 43.00 2.50
7 23.00 38.50 23.00 37.25 21.50 36.50 20.00 37.00 19.67 37.67 21.00 39.00 22.75 39.00
7 29.88 28.35 30.64 29.36 30.81 29.42 32.10 29.10 33.75 28.00 32.50 25.50 31.00 25.00
5 42.50 33.50 40.50 34.50 41.25 36.00 44.00 36.00 43.25 33.75
6 42.50 45.50 43.50 45.50 43.50 43.00 40.00 43.00 40.00 44.17 41.50 45.17
6 27.00 12.75 27.17 12.50 27.50 11.50 26.50 9.50 25.00 11.00 26.50 12.50
8 48.00 32.00 49.25 32.00 49.98 31.71 49.98 29.82 47.50 28.17 45.64 28.79 44.86 29.95 45.14 31.05
6 30.50 11.50 30.50 9.00 29.75 9.00 29.50 9.50 29.50 11.50 30.00 12.00
5 32.00 12.00 32.00 13.50 33.50 13.50 33.50 11.00 33.00 11.00
6 29.10 48.90 29.37 49.98 30.02 49.98 32.90 47.10 32.50 46.83 31.50 46.50
5 3.00 7.50 3.00 6.00 2.50 5.50 1.50 5.17 1.50 7.50
4 1.50 3.50 1.83 2.50 -0.98 2.50 -0.98 3.50
7 34.75 24.00 35.50 25.50 36.00 26.00 36.50 25.50 37.50 23.50 37.00 23.00 35.25 23.00
5 14.50 16.50 14.21 16.07 12.75 19.00 13.50 20.50 14.50 20.00
6 38.50 29.50 37.17 30.17 36.50 31.50 36.50 33.00 37.77 33.95 39.50 30.50
5 13.50 24.50 15.00 26.00 16.17 24.83 15.50 23.50 13.83 23.50
4 1.50 21.00 1.50 18.50 -0.98 19.74 -0.98 22.24
6 30.50 24.00 27.50 25.50 27.25 26.25 29.17 28.17 29.88 28.35 31.00 25.00
7 8.50 16.75 8.29 16.64 7.75 17.00 7.00 18.50 7.00 20.33 8.25 20.75 8.50 20.50
6 18.00 11.00 18.00 10.50 14.50 10.50 15.00 11.25 15.50 11.50 17.50 11.50
4 7.00 42.00 9.00 40.00 7.50 38.50 5.75 42.00
5 4.50 28.50 1.50 28.50 1.17 29.50 4.83 29.50 5.10 29.10
6 23.79 34.36 24.50 34.83 26.00 34.33 26.00 32.25 24.50 31.50 23.50 33.50
6 46.00 22.00 47.50 20.50 47.21 19.64 46.50 19.17 44.50 19.83 44.50 20.50
5 11.50 14.50 13.00 15.00 13.00 12.00 12.00 12.00 11.50 12.50
4 46.50 46.50 47.50 44.50 45.50 44.50 45.50 46.00
6 4.83 24.17 6.00 23.00 6.00 20.67 4.75 20.25 4.00 21.00 4.00 22.50
6 34.95 38.14 35.90 37.90 37.50 35.50 34.00 35.50 33.75 36.00 34.75 38.00
7 31.50 42.50 32.50 42.50 34.50 40.50 34.33 40.00 32.00 40.00 31.00 41.00 31.00 42.00
7 6.50 36.50 6.33 36.00 5.00 36.00 3.10 37.90 3.35 38.88 3.50 39.00 6.50 37.50
7 24.14 29.95 24.07 30.21 24.50 31.50 26.00 32.25 27.50 31.50 26.50 29.50 26.00 29.33
6 1.83 45.17 4.00 43.00 4.17 42.50 1.50 42.50 0.00 44.00 0.50 44.50
6 38.50 23.50 37.50 23.50 36.50 25.50 39.00 25.50 39.75 24.00 39.50 23.83
6 14.50 5.50 14.83 4.83 14.00 4.00 12.00 4.67 12.00 6.50 12.50 7.50
5 13.00 9.00 14.50 7.50 14.50 5.50 12.50 7.50 12.50 8.75
5 42.00 38.50 42.17 38.17 41.00 37.00 40.00 38.00 40.50 38.50
6 32.50 1.00 34.75 1.00 35.50 0.50 36.67 -0.67 36.71 -0.98 32.50 -0.98
6 44.00 24.00 44.00 22.50 43.75 22.00 42.50 22.00 42.50 24.83 42.90 25.10
6 7.50 6.00 7.50 3.50 7.25 3.25 5.50 3.83 5.50 5.50 6.00 6.00
5 19.00 8.50 18.00 10.50 18.00 11.00 19.50 12.50 19.50 8.75
5 45.00 27.50 45.00 26.25 42.93 25.21 42.25 27.25 42.50 27.50
5 44.00 14.00 44.00 13.00 42.50 11.50 40.83 13.17 43.50 14.50
5 44.00 17.00 43.25 16.25 42.00 16.67 42.00 19.50 44.00 19.50
5 22.17 35.17 23.79 34.36 23.50 33.50 21.50 33.50 21.50 34.50
7 44.50 20.50 44.50 19.83 44.00 19.50 42.00 19.50 42.00 21.75 42.50 22.00 43.75 22.00
3 47.50 19.50 49.98 19.50 49.98 17.02
5 10.17 40.83 9.75 40.00 9.00 40.00 7.00 42.00 8.50 42.50
6 -0.50 12.50 1.50 10.50 1.50 9.83 0.10 8.90 -0.98 8.63 -0.98 12.50
4 15.50 20.00 15.50 17.50 14.50 16.50 14.50 20.00
6 47.00 2.75 46.90 2.90 47.50 3.50 49.98 4.74 49.98 2.00 48.50 2.00
5 33.00 21.50 30.50 21.50 30.50 24.00 31.50 23.50 33.00 22.00
6 19.50 26.83 19.50 28.50 20.50 29.50 21.50 29.50 22.70 28.30 22.36 27.79
5 8.50 32.50 7.00 31.00 6.00 32.00 7.00 33.00 7.50 33.00
5 28.50 16.50 29.50 18.50 30.50 18.00 30.50 16.50 29.83 15.83
5 17.07 20.79 17.50 19.50 16.83 18.17 15.50 17.50 15.50 20.00
5 11.50 14.50 9.50 16.50 12.50 16.50 13.83 15.83 13.00 15.00
5 32.50 44.50 34.50 44.50 32.50 42.50 31.50 42.50 31.50 43.50
5 40.00 2.25 37.50 1.00 37.50 2.50 39.50 4.50 40.00 3.50
6 45.64 28.79 47.50 28.17 47.50 27.50 46.50 25.50 45.00 26.25 45.00 27.50
5 4.50 8.00 4.50 6.00 3.00 6.00 3.00 7.50 3.50 8.50
7 24.07 30.21 24.14 29.95 23.30 28.70 22.70 28.30 21.50 29.50 21.50 31.00 22.00 31.25
6 45.00 42.25 45.00 44.00 45.50 44.50 47.50 44.50 46.50 42.50 45.14 42.05
6 10.50 22.50 9.00 22.50 9.00 24.00 10.17 25.17 11.00 24.75 11.00 22.67
8 14.83 15.50 15.00 15.00 15.00 11.25 14.50 10.50 13.00 12.00 13.00 15.00 13.83 15.83 14.20 15.98
7 24.00 12.00 24.00 11.00 22.50 11.00 21.50 11.50 21.17 12.50 22.00 13.75 22.50 13.50
9 38.50 10.50 38.40 11.00 38.83 13.17 39.94 13.39 40.83 13.17 42.50 11.50 43.00 10.00 41.70 8.70 39.83 9.17
6 34.83 28.00 33.75 28.00 32.10 29.10 34.00 31.00 35.00 30.00 35.00 28.25
6 1.10 23.90 3.29 25.36 4.71 24.64 4.83 24.17 4.00 22.50 2.50 22.50
5 46.00 35.75 47.83 34.83 49.25 32.00 48.00 32.00 46.00 34.00
6 28.17 19.17 27.50 18.50 26.50 18.50 26.00 19.00 26.50 19.50 28.00 19.50
7 42.35 6.12 42.50 6.00 43.00 5.00 41.50 3.50 40.00 3.50 39.50 4.50 39.50 5.17
5 27.50 16.17 27.50 18.50 28.17 19.17 29.50 18.50 28.50 16.50
6 2.50 21.00 1.50 21.00 -0.98 22.24 -0.98 23.38 1.10 23.90 2.50 22.50
3 41.00 1.00 42.98 -0.98 39.02 -0.98
4 38.50 46.50 38.59 46.05 35.50 44.50 35.50 46.50
3 45.50 0.50 43.50 0.50 45.50 2.50
4 8.00 29.00 9.50 29.00 9.50 27.50 8.00 27.50
6 20.29 42.36 20.10 43.10 22.00 45.00 23.75 45.00 22.25 42.00 21.00 42.00
7 44.00 36.00 44.83 36.83 45.18 36.97 46.00 35.75 46.00 34.00 44.50 32.50 43.25 33.75
7 4.50 6.00 5.50 5.50 5.50 3.83 5.00 3.50 4.50 3.50 2.50 5.50 3.00 6.00
5 26.50 47.00 26.50 48.50 28.83 48.50 28.50 47.50 27.50 46.50
6 31.50 23.50 30.50 24.00 31.00 25.00 32.50 25.50 34.00 24.00 33.50 23.50
4 26.50 23.50 27.50 25.50 30.50 24.00 26.93 22.21
5 11.50 29.50 11.50 30.50 12.50 30.50 12.50 29.50 12.00 29.00
7 31.17 8.83 31.50 9.50 33.00 11.00 33.50 11.00 34.50 10.50 34.50 9.50 31.83 8.17
5 44.50 32.50 46.00 34.00 48.00 32.00 45.14 31.05 44.83 31.50
4 36.00 17.50 36.00 19.00 38.50 19.83 38.50 17.50
6 29.50 18.50 28.17 19.17 28.00 19.50 28.00 21.00 30.33 21.00 30.50 20.50
5 18.07 49.21 22.83 46.83 23.75 45.00 22.00 45.00 18.00 49.00
6 17.75 2.00 18.50 0.50 18.01 -0.98 14.76 -0.98 16.17 1.83 16.50 2.00
5 8.50 12.50 10.50 10.50 10.95 9.14 9.00 7.83 8.50 8.17
4 1.50 1.50 0.50 0.50 -0.98 0.50 -0.98 1.50
5 8.50 32.50 7.50 33.00 7.50 35.00 8.00 35.00 8.50 34.50
7 21.17 12.50 19.50 12.50 18.50 13.50 18.50 15.00 21.50 15.00 22.00 14.25 22.00 13.75
4 7.25 13.00 7.50 13.10 7.50 8.50 5.83 10.17
4 9.50 34.50 9.50 33.50 8.50 32.50 8.50 34.50
7 46.90 2.90 47.00 2.75 47.00 -0.98 46.98 -0.98 45.50 0.50 45.50 2.50 45.83 3.17
6 33.50 5.30 32.44 5.72 31.83 8.17 34.50 9.50 34.50 6.50 33.94 5.39
5 18.00 22.00 19.23 25.68 21.50 24.17 21.50 22.50 19.50 21.50
6 26.50 48.50 26.50 47.00 25.25 47.00 24.50 48.50 24.50 49.98 25.02 49.98
5 11.00 33.50 11.75 35.00 12.50 35.50 12.50 32.00 11.00 32.00
8 1.50 42.50 4.17 42.50 4.95 41.91 3.50 39.00 3.35 38.88 1.50 39.50 1.00 40.50 1.00 41.50
6 0.50 46.50 0.50 44.50 0.00 44.00 -0.98 44.00 -0.98 47.00 0.00 47.00
4 4.00 22.50 4.00 21.00 2.50 21.00 2.50 22.50
4 17.50 11.50 15.50 11.50 17.00 13.00 17.50 13.00
6 27.50 45.50 25.21 44.36 24.25 45.00 25.25 47.00 26.50 47.00 27.50 46.50
4 21.50 22.50 22.50 20.50 20.50 19.50 19.50 21.50
6 17.50 48.00 17.32 47.27 17.00 46.88 13.55 44.29 11.67 44.67 10.00 48.00
5 9.79 4.64 7.50 3.50 7.50 6.00 9.00 6.75 9.17 6.50
4 43.00 48.00 43.50 48.50 45.50 48.50 44.00 47.00
6 35.00 22.50 33.50 22.50 33.50 23.50 34.00 24.00 34.75 24.00 35.25 23.00
5 17.00 41.50 19.00 41.50 19.00 38.00 15.03 39.32 14.90 40.10
6 11.00 32.00 12.50 32.00 13.50 31.50 12.50 30.50 11.50 30.50 10.50 31.50
4 26.50 26.50 24.50 25.50 24.50 27.50 26.00 27.50
9 11.75 37.00 10.83 38.83 12.50 40.50 14.50 40.50 14.90 40.10 15.03 39.32 13.85 36.38 13.61 36.18 13.10 36.10
5 29.50 18.50 30.50 20.50 32.50 19.50 31.75 18.00 30.50 18.00
6 4.90 0.10 4.63 -0.98 2.74 -0.98 1.50 1.50 1.83 2.50 2.50 2.50
6 14.50 7.50 17.25 7.50 16.71 5.36 16.50 5.25 14.83 4.83 14.50 5.50
6 32.50 25.50 33.75 28.00 34.83 28.00 36.00 26.25 36.00 26.00 35.50 25.50
3 36.50 8.50 38.50 6.50 36.50 6.50
6 1.50 15.00 1.50 13.50 -0.50 12.50 -0.98 12.50 -0.98 16.00 0.83 16.00
5 23.50 6.50 21.30 4.30 20.50 4.83 20.50 5.50 22.50 7.50
5 5.50 10.00 5.83 10.17 7.50 8.50 6.00 7.75 5.50 8.00
5 7.50 8.50 7.50 13.10 8.17 12.83 8.50 12.50 8.50 8.17
5 20.50 31.00 20.50 29.50 19.50 28.50 18.00 31.50 19.50 31.50
6 42.17 38.17 44.83 36.83 44.00 36.00 41.25 36.00 41.00 36.50 41.00 37.00
5 31.75 18.00 32.50 19.50 33.50 19.83 33.50 16.50 32.50 16.50
3 28.50 43.50 27.50 45.50 30.50 45.50
6 30.00 38.00 29.00 38.00 28.50 38.50 28.50 39.50 29.00 40.00 30.00 40.00
4 1.83 2.50 1.50 1.50 -0.98 1.50 -0.98 2.50
4 29.00 34.50 26.50 34.50 26.50 37.50 27.83 36.83
7 29.50 9.50 29.75 9.00 27.50 7.50 26.67 7.67 26.50 8.00 26.50 9.50 27.50 11.50
4 2.50 12.50 1.50 10.50 -0.50 12.50 1.50 13.50
6 10.50 4.17 10.50 2.50 7.50 2.50 7.25 3.25 7.50 3.50 9.79 4.64
5 34.95 38.14 34.75 38.00 32.00 38.00 32.00 40.00 34.33 40.00
6 42.00 32.50 42.50 33.50 43.25 33.75 44.50 32.50 44.83 31.50 42.00 31.50
5 10.00 29.50 10.00 31.33 10.50 31.50 11.50 30.50 11.50 29.50
5 9.00 22.50 8.79 22.36 7.50 23.00 7.50 25.50 9.00 24.00
6 44.00 47.00 45.50 48.50 47.50 49.50 46.50 46.50 45.50 46.00 44.00 46.00
5 22.50 11.00 22.50 8.50 22.25 8.25 20.21 8.93 21.50 11.50
5 30.00 0.50 30.25 1.00 31.50 1.00 31.50 -0.98 30.00 -0.98
7 22.50 17.50 21.17 18.17 20.50 19.50 22.50 20.50 23.25 20.25 23.93 18.21 23.86 17.95
4 29.50 30.50 27.50 31.50 29.00 34.50 29.50 34.50
4 48.50 12.00 48.00 12.00 46.50 13.50 48.50 13.50
7 30.17 15.17 29.50 14.50 26.75 14.50 27.10 15.90 27.50 16.17 28.50 16.50 29.83 15.83
6 34.00 35.50 37.50 35.50 37.80 34.00 37.77 33.95 36.50 33.00 34.00 34.25
4 34.00 24.00 32.50 25.50 35.50 25.50 34.75 24.00
6 22.36 27.79 22.70 28.30 23.30 28.70 24.50 27.50 24.50 25.50 22.50 27.50
6 26.50 34.50 26.00 34.33 24.50 34.83 24.50 36.50 26.00 38.00 26.50 37.50
6 4.75 20.25 4.21 18.64 3.25 18.00 2.50 18.00 2.50 21.00 4.00 21.00
5 28.00 21.00 28.00 19.50 26.50 19.50 26.50 21.83 26.90 22.10
6 23.00 37.25 24.50 36.50 24.50 34.83 23.79 34.36 22.17 35.17 21.50 36.50
7 38.50 47.00 39.67 49.33 41.50 47.50 41.50 45.17 40.00 44.17 38.59 46.05 38.50 46.50
5 49.50 36.50 46.83 37.83 47.50 38.50 49.98 39.74 49.98 36.50
6 27.00 13.50 29.50 13.50 30.17 12.83 30.00 12.50 27.17 12.50 27.00 12.75
4 15.50 11.50 15.00 11.25 15.00 15.00 17.00 13.00
8 22.25 42.00 23.75 45.00 24.25 45.00 25.21 44.36 25.50 43.50 25.50 42.50 24.00 41.00 23.75 41.00
7 39.79 41.93 38.83 40.50 36.50 40.50 35.50 41.50 35.83 42.50 39.83 42.50 39.86 42.32
6 36.50 6.50 38.50 6.50 38.79 5.64 36.50 4.50 35.50 4.83 35.10 5.10
5 37.50 23.50 38.50 23.50 38.50 20.50 37.00 22.00 37.00 23.00
6 26.00 7.00 26.67 7.67 27.50 7.50 29.10 5.10 28.50 4.50 26.00 3.25
5 45.00 7.00 44.50 7.00 44.50 8.50 46.00 8.50 46.00 8.00
5 11.00 33.50 9.50 33.50 9.50 34.50 10.00 35.00 11.75 35.00
4 20.00 17.00 21.17 18.17 22.50 17.50 21.50 15.50
4 27.50 0.50 30.00 0.50 30.00 -0.98 27.50 -0.98
4 38.50 29.50 38.50 28.50 35.50 28.50 37.17 30.17
6 40.50 27.00 40.50 24.17 40.25 24.00 39.75 24.00 39.00 25.50 39.00 27.00
6 30.83 34.83 32.00 36.00 33.75 36.00 34.00 35.50 34.00 34.25 33.00 33.75
8 15.50 17.50 16.83 18.17 18.50 16.50 18.17 15.50 14.83 15.50 14.20 15.98 14.21 16.07 14.50 16.50
6 24.50 40.50 27.00 40.50 27.00 39.50 26.50 38.50 26.00 38.00 25.50 38.50
4 1.79 31.36 1.17 29.50 -0.98 29.50 -0.98 32.74
5 32.00 2.00 33.50 3.50 34.75 1.00 32.50 1.00 32.00 1.25
6 39.00 27.00 39.00 25.50 36.50 25.50 36.00 26.00 36.00 26.25 38.50 27.50
7 37.80 34.00 37.50 35.50 38.50 36.50 41.00 36.50 41.25 36.00 40.50 34.50 39.00 34.00
5 23.50 33.50 24.50 31.50 24.07 30.21 22.00 31.25 22.00 32.00
5 25.50 2.50 24.00 2.20 24.00 6.33 26.00 7.00 26.00 3.25
5 46.50 10.50 48.50 9.50 49.50 8.50 46.00 8.50 46.00 10.50
6 45.29 37.14 44.33 40.00 44.83 41.50 45.10 41.90 46.50 40.50 46.50 37.75
7 29.00 38.00 30.00 38.00 30.00 34.62 29.95 34.59 29.50 34.50 29.00 34.50 27.83 36.83
5 46.50 19.17 46.50 17.00 44.00 17.00 44.00 19.50 44.50 19.83
6 35.00 20.00 33.75 20.00 33.00 21.50 33.00 22.00 33.50 22.50 35.00 22.50
4 47.50 20.50 47.50 23.00 49.98 23.00 49.98 21.74
6 45.14 42.05 46.50 42.50 48.50 41.50 47.50 40.50 46.50 40.50 45.10 41.90
4 24.00 12.00 22.50 13.50 24.50 13.50 24.50 12.50
6 14.00 35.00 16.50 32.50 17.05 31.41 17.00 31.38 14.95 30.86 14.00 31.50
4 38.50 6.50 36.50 8.50 38.50 10.50 39.83 9.17
4 27.50 45.50 28.50 43.50 25.50 43.50 25.21 44.36
6 13.50 31.50 14.00 31.50 14.95 30.86 14.50 29.50 12.50 29.50 12.50 30.50
5 32.90 47.10 33.17 47.17 34.50 44.50 32.50 44.50 32.50 46.83
4 1.00 41.50 1.00 40.50 -0.98 40.50 -0.98 41.50
5 16.50 35.50 19.00 38.00 19.67 37.67 20.00 37.00 19.50 35.50
6 22.83 2.00 20.00 2.00 19.50 2.50 19.50 4.50 20.50 4.83 21.30 4.30
5 11.00 44.00 11.00 41.25 10.17 40.83 8.50 42.50 9.50 43.50
4 34.50 44.50 35.25 44.25 35.83 42.50 32.50 42.50
8 30.17 12.83 31.79 13.64 32.00 13.50 32.00 12.00 31.50 11.50 30.50 11.50 30.00 12.00 30.00 12.50
5 27.50 41.50 29.00 40.00 28.50 39.50 27.00 39.50 27.00 40.50
5 8.83 37.83 10.17 39.17 10.83 38.83 11.75 37.00 9.25 37.00
5 32.00 38.00 30.00 38.00 30.00 40.00 31.00 41.00 32.00 40.00
5 2.00 35.00 1.50 35.50 3.10 37.90 5.00 36.00 4.00 35.00
5 47.50 38.50 47.50 40.50 48.50 41.50 49.98 41.50 49.98 39.74
5 37.00 23.00 37.00 22.00 35.00 20.00 35.00 22.50 35.25 23.00
7 7.00 46.00 7.00 46.50 8.93 49.07 10.00 48.00 11.67 44.67 11.00 44.00 9.50 43.50
4 31.50 9.50 31.50 11.50 32.00 12.00 33.00 11.00
5 4.17 31.50 4.83 29.50 1.17 29.50 1.79 31.36 2.00 31.50
5 -0.98 5.99 -0.98 8.63 0.10 8.90 1.50 7.50 1.50 5.17
6 35.50 46.50 35.50 44.50 35.25 44.25 34.50 44.50 33.17 47.17 34.00 48.00
6 22.50 7.50 20.50 5.50 19.00 8.50 19.50 8.75 20.21 8.93 22.25 8.25
5 46.50 42.50 47.50 44.50 49.98 44.50 49.98 41.50 48.50 41.50
5 2.50 49.50 0.00 47.00 -0.98 47.00 -0.98 49.98 2.50 49.98
5 46.83 15.50 46.33 14.00 44.00 14.00 43.50 14.50 43.50 15.50
6 30.50 45.50 31.50 43.50 31.50 42.50 31.00 42.00 28.75 42.75 28.50 43.50
4 1.00 40.50 1.50 39.50 -0.98 38.26 -0.98 40.50
6 9.75 40.00 10.17 40.83 11.00 41.25 12.50 40.50 10.83 38.83 10.17 39.17
6 1.50 39.50 3.35 38.88 3.10 37.90 1.50 35.50 -0.98 35.50 -0.98 38.26
6 5.21 29.07 7.00 29.67 7.50 29.50 8.00 29.00 8.00 27.50 6.00 27.50
5 25.50 19.00 23.93 18.21 23.25 20.25 24.50 21.50 25.50 21.50
5 30.50 9.00 30.50 11.50 31.50 11.50 31.50 9.50 31.17 8.83
6 45.50 10.83 45.50 11.50 46.50 13.50 48.00 12.00 46.50 10.50 46.00 10.50
6 30.64 29.36 29.88 28.35 29.17 28.17 26.50 29.50 27.50 31.50 29.50 30.50
5 30.50 45.50 31.50 46.50 32.50 46.83 32.50 44.50 31.50 43.50
4 23.50 33.50 22.00 32.00 21.00 33.00 21.50 33.50
6 26.50 29.50 29.17 28.17 27.25 26.25 26.50 26.50 26.00 27.50 26.00 29.33
6 11.00 41.25 11.00 44.00 11.67 44.67 13.55 44.29 14.50 40.50 12.50 40.50
7 40.00 44.17 40.00 43.00 39.83 42.50 35.83 42.50 35.25 44.25 35.50 44.50 38.59 46.05
4 34.75 38.00 33.75 36.00 32.00 36.00 32.00 38.00
6 6.00 7.75 6.00 6.00 5.50 5.50 4.50 6.00 4.50 8.00 5.50 8.00
5 16.50 27.50 14.50 29.50 14.95 30.86 17.00 31.38 17.00 27.50
7 18.93 26.21 19.02 26.20 19.23 25.68 18.00 22.00 17.33 21.67 15.50 23.50 16.17 24.83
8 30.50 4.75 29.10 5.10 27.50 7.50 29.75 9.00 30.50 9.00 31.17 8.83 31.83 8.17 32.44 5.72
6 1.10 23.90 -0.98 23.38 -0.98 25.02 1.50 27.50 3.17 25.83 3.29 25.36
7 18.50 16.50 19.50 17.00 20.00 17.00 21.50 15.50 21.50 15.00 18.50 15.00 18.17 15.50
5 8.00 27.50 8.00 26.50 7.50 25.50 6.00 25.50 6.00 27.50
5 9.50 27.50 9.50 29.00 9.83 29.17 11.50 27.50 10.17 26.83
3 1.50 27.50 -0.98 25.02 -0.98 27.50
5 42.00 31.50 42.00 30.25 41.00 29.75 39.50 30.50 40.50 31.50
7 46.00 35.75 45.18 36.97 45.29 37.14 46.50 37.75 46.83 37.83 49.50 36.50 47.83 34.83
7 10.95 9.14 12.50 8.75 12.50 7.50 12.00 6.50 9.17 6.50 9.00 6.75 9.00 7.83
3 47.50 6.50 45.50 4.50 45.50 6.50
5 10.50 20.00 10.83 19.83 11.17 19.17 9.50 17.50 9.50 20.00
6 11.50 19.00 11.17 19.17 10.83 19.83 11.50 20.50 13.50 20.50 12.75 19.00
6 39.67 49.33 39.80 49.98 41.02 49.98 43.00 48.00 42.50 47.50 41.50 47.50
4 18.50 33.50 16.50 35.50 19.50 35.50 19.50 34.50
5 34.00 34.25 36.50 33.00 34.00 31.75 33.00 32.25 33.00 33.75
7 8.50 20.50 8.25 20.75 8.79 22.36 9.00 22.50 10.50 22.50 10.50 20.00 9.50 20.00
7 43.50 14.50 40.83 13.17 39.94 13.39 41.50 16.50 42.00 16.67 43.25 16.25 43.50 15.50
5 47.21 19.64 47.50 20.50 49.98 21.74 49.98 19.50 47.50 19.50
6 33.50 3.50 32.00 2.00 30.50 3.50 30.50 4.75 32.44 5.72 33.50 5.30
5 10.67 2.00 10.50 1.50 7.50 1.50 7.50 2.50 10.50 2.50
6 26.50 37.50 26.00 38.00 26.50 38.50 28.50 38.50 29.00 38.00 27.83 36.83
5 25.50 38.50 26.00 38.00 24.50 36.50 23.00 37.25 23.00 38.50
5 41.50 2.50 41.50 3.50 43.00 5.00 43.83 4.17 43.00 2.50
5 36.50 33.00 36.50 31.50 35.00 30.00 34.00 31.00 34.00 31.75
5 45.50 24.00 45.83 24.17 47.00 23.00 46.00 22.00 45.50 22.50
7 9.00 36.50 9.00 36.00 8.00 35.00 7.50 35.00 6.50 35.50 6.33 36.00 6.50 36.50
9 35.58 15.81 35.93 14.93 35.00 14.00 33.50 13.50 32.00 13.50 31.79 13.64 31.50 14.50 32.50 16.50 33.50 16.50
6 41.00 1.00 41.00 1.50 43.00 1.50 43.50 0.50 43.01 -0.98 42.98 -0.98
6 19.50 34.50 21.00 33.00 19.50 31.50 18.00 31.50 17.86 31.57 18.50 33.50
6 36.00 26.25 34.83 28.00 35.00 28.25 35.50 28.50 38.50 28.50 38.50 27.50
4 19.00 8.50 17.33 7.67 14.50 10.50 18.00 10.50
6 29.50 14.50 30.17 15.17 31.50 14.50 31.79 13.64 30.17 12.83 29.50 13.50
5 17.00 46.88 17.00 41.50 14.90 40.10 14.50 40.50 13.55 44.29
5 39.50 4.50 37.50 2.50 36.50 4.50 38.79 5.64 39.50 5.17
5 48.50 2.00 48.50 0.50 47.02 -0.98 47.00 -0.98 47.00 2.75
5 34.50 6.50 36.50 8.50 36.50 6.50 35.10 5.10 33.94 5.39
4 18.50 0.50 23.00 0.50 23.00 -0.98 18.01 -0.98
7 45.00 26.25 46.50 25.50 45.83 24.17 45.50 24.00 44.00 24.00 42.90 25.10 42.93 25.21
7 33.50 19.83 33.75 20.00 35.00 20.00 36.00 19.00 36.00 17.50 35.58 15.81 33.50 16.50
4 47.00 23.00 47.50 23.00 47.50 20.50 46.00 22.00
6 7.00 33.00 6.00 32.00 4.50 32.00 4.50 32.50 5.17 33.83 5.83 34.17
5 23.25 20.25 22.50 20.50 21.50 22.50 24.00 22.50 24.50 21.50
6 7.50 2.50 7.50 1.50 5.00 0.25 5.00 3.50 5.50 3.83 7.25 3.25
4 0.50 0.50 0.50 -0.98 -0.98 -0.98 -0.98 0.50
7 12.50 35.50 13.10 36.10 13.61 36.18 14.00 35.00 14.00 31.50 13.50 31.50 12.50 32.00
4 3.50 15.00 3.50 17.50 5.00 16.00 3.83 14.83
5 13.50 21.50 13.50 20.50 11.50 20.50 11.50 22.50 13.17 22.50
7 9.50 29.00 8.00 29.00 7.50 29.50 9.50 31.50 10.00 31.33 10.00 29.50 9.83 29.17
6 34.00 31.75 34.00 31.00 32.10 29.10 30.81 29.42 31.50 31.50 33.00 32.25
5 7.75 17.00 8.29 16.64 7.50 13.50 5.00 16.00 6.00 17.00
7 10.50 10.50 12.00 12.00 13.00 12.00 14.50 10.50 13.00 9.00 12.50 8.75 10.95 9.14
5 21.00 39.00 21.00 42.00 22.25 42.00 23.75 41.00 22.75 39.00
6 39.79 41.93 39.86 42.32 41.50 41.50 43.00 40.00 42.00 39.00 40.50 40.50
7 47.17 16.00 49.98 16.00 49.98 14.98 48.50 13.50 46.50 13.50 46.33 14.00 46.83 15.50
6 4.21 18.64 4.75 20.25 6.00 20.67 7.00 20.33 7.00 18.50 4.50 18.50
5 1.50 18.50 1.50 21.00 2.50 21.00 2.50 18.00 2.10 17.90
4 4.50 32.50 2.00 35.00 4.00 35.00 5.17 33.83
6 15.50 23.50 17.33 21.67 17.25 21.50 13.50 21.50 13.17 22.50 13.83 23.50
4 32.50 42.50 35.83 42.50 35.50 41.50 34.50 40.50
6 22.50 13.50 22.00 13.75 22.00 14.25 22.50 14.50 25.50 14.50 24.50 13.50
5 27.50 18.50 27.50 16.17 27.10 15.90 26.50 16.50 26.50 18.50
6 41.50 16.50 39.94 13.39 38.83 13.17 37.83 14.17 39.17 16.83 40.00 17.25
4 0.50 46.50 2.50 46.50 1.83 45.17 0.50 44.50
7 9.00 7.83 9.00 6.75 7.50 6.00 6.00 6.00 6.00 7.75 7.50 8.50 8.50 8.17
6 36.00 19.00 35.00 20.00 37.00 22.00 38.50 20.50 38.75 20.00 38.50 19.83
4 28.50 47.50 30.50 45.50 27.50 45.50 27.50 46.50
6 7.25 13.00 4.75 13.00 3.83 14.83 5.00 16.00 7.50 13.50 7.50 13.10
6 42.00 19.50 40.00 19.50 39.25 20.00 39.50 20.50 41.17 22.17 42.00 21.75
5 4.50 3.50 5.00 3.50 5.00 0.25 4.90 0.10 2.50 2.50
5 7.50 33.00 7.00 33.00 5.83 34.17 6.50 35.50 7.50 35.00
8 7.50 13.10 7.50 13.50 8.29 16.64 8.50 16.75 8.83 16.83 9.50 16.50 11.50 14.50 8.17 12.83
7 13.17 22.50 11.50 22.50 11.00 22.67 11.00 24.75 12.50 25.50 13.50 24.50 13.83 23.50
9 39.83 42.50 40.00 43.00 43.50 43.00 45.00 42.25 45.14 42.05 45.10 41.90 44.83 41.50 41.50 41.50 39.86 42.32
6 27.21 1.36 25.50 2.50 26.00 3.25 28.50 4.50 28.50 2.50 27.50 1.50
6 38.75 20.00 38.50 20.50 38.50 23.50 39.50 23.83 39.50 20.50 39.25 20.00
6 15.00 26.75 15.00 26.00 13.50 24.50 12.50 25.50 12.50 26.50 14.00 27.25
4 48.50 13.50 49.98 14.98 49.98 12.00 48.50 12.00
6 37.83 14.17 35.93 14.93 35.58 15.81 36.00 17.50 38.50 17.50 39.17 16.83
6 35.50 0.50 35.50 4.83 36.50 4.50 37.50 2.50 37.50 1.00 36.67 -0.67
5 25.00 11.00 24.00 11.00 24.00 12.00 24.50 12.50 26.50 12.50
5 30.83 34.83 30.00 34.62 30.00 38.00 32.00 38.00 32.00 36.00
4 18.50 19.00 18.50 16.50 16.83 18.17 17.50 19.50
3 29.50 9.50 27.50 11.50 29.50 11.50
6 31.00 42.00 31.00 41.00 30.00 40.00 29.00 40.00 27.50 41.50 28.75 42.75
4 43.50 43.00 43.50 45.50 45.00 44.00 45.00 42.25
4 0.50 0.50 1.50 1.50 2.74 -0.98 0.50 -0.98
5 14.50 10.50 17.33 7.67 17.25 7.50 14.50 7.50 13.00 9.00
5 34.50 49.00 38.50 47.00 38.50 46.50 35.50 46.50 34.00 48.00
5 46.50 40.50 47.50 40.50 47.50 38.50 46.83 37.83 46.50 37.75
4 11.50 14.50 11.50 12.50 8.50 12.50 8.17 12.83
5 0.00 47.00 2.50 49.50 3.10 47.10 2.50 46.50 0.50 46.50
4 44.83 41.50 44.33 40.00 43.00 40.00 41.50 41.50
3 34.50 9.50 36.50 8.50 34.50 6.50
8 11.75 37.00 13.10 36.10 12.50 35.50 11.75 35.00 10.00 35.00 9.00 36.00 9.00 36.50 9.25 37.00
4 48.50 0.50 49.98 0.50 49.98 -0.98 47.02 -0.98
6 18.00 2.50 17.75 2.00 16.50 2.00 16.50 5.25 16.71 5.36 18.00 4.50
5 9.50 17.50 11.50 17.50 12.50 16.50 9.50 16.50 8.83 16.83
7 18.07 49.21 18.00 49.00 17.50 48.00 10.00 48.00 8.93 49.07 8.82 49.98 18.15 49.98
5 49.25 32.00 47.83 34.83 49.50 36.50 49.98 36.50 49.98 31.71
5 20.00 2.00 18.50 0.50 17.75 2.00 18.00 2.50 19.50 2.50
5 47.50 25.00 46.50 25.50 47.50 27.50 49.00 26.00 48.00 25.00
6 11.50 27.50 9.83 29.17 10.00 29.50 11.50 29.50 12.00 29.00 12.00 28.50
5 27.50 41.50 25.50 42.50 25.50 43.50 28.50 43.50 28.75 42.75
6 47.50 6.50 47.50 3.50 46.90 2.90 45.83 3.17 45.17 3.83 45.50 4.50
5 4.17 31.50 2.00 31.50 2.00 35.00 4.50 32.50 4.50 32.00
4 42.50 47.50 42.50 45.50 41.50 45.17 41.50 47.50
5 30.50 16.50 32.50 16.50 31.50 14.50 30.17 15.17 29.83 15.83
6 23.75 41.00 24.00 41.00 24.50 40.50 25.50 38.50 23.00 38.50 22.75 39.00
6 45.14 31.05 44.86 29.95 43.50 29.50 42.00 30.25 42.00 31.50 44.83 31.50
6 35.93 14.93 37.83 14.17 38.83 13.17 38.40 11.00 35.00 11.00 35.00 14.00
5 10.00 35.00 9.50 34.50 8.50 34.50 8.00 35.00 9.00 36.00
6 19.50 34.50 19.50 35.50 20.00 37.00 21.50 36.50 22.17 35.17 21.50 34.50
7 42.00 30.25 43.50 29.50 42.50 27.50 42.25 27.25 41.50 27.50 41.00 28.50 41.00 29.75
6 5.83 34.17 5.17 33.83 4.00 35.00 5.00 36.00 6.33 36.00 6.50 35.50
5 7.50 38.50 9.00 40.00 9.75 40.00 10.17 39.17 8.83 37.83
5 39.67 49.33 38.50 47.00 34.50 49.00 34.50 49.98 39.80 49.98
5 26.50 19.50 26.00 19.00 25.50 19.00 25.50 21.50 26.50 21.83
5 22.83 2.00 23.20 1.72 23.00 0.50 18.50 0.50 20.00 2.00
8 23.00 0.50 23.20 1.72 24.00 2.20 25.50 2.50 27.21 1.36 27.50 0.50 27.50 -0.98 23.00 -0.98
6 8.25 20.75 7.00 20.33 6.00 20.67 6.00 23.00 7.50 23.00 8.79 22.36
6 4.00 10.00 4.00 12.50 4.75 13.00 7.25 13.00 5.83 10.17 5.50 10.00
5 19.50 17.00 19.50 19.00 20.50 19.50 21.17 18.17 20.00 17.00
7 33.00 21.50 33.75 20.00 33.50 19.83 32.50 19.50 30.50 20.50 30.33 21.00 30.50 21.50
5 4.90 0.10 5.00 0.25 7.50 1.50 8.74 -0.98 4.63 -0.98
6 30.81 29.42 30.64 29.36 29.50 30.50 29.50 34.50 29.95 34.59 31.50 31.50
5 14.00 28.50 14.50 29.50 16.50 27.50 15.00 26.75 14.00 27.25
8 45.50 6.50 45.50 4.50 45.17 3.83 43.83 4.17 43.00 5.00 42.50 6.00 44.50 7.00 45.00 7.00
5 7.00 29.67 7.00 31.00 8.50 32.50 9.50 31.50 7.50 29.50
5 25.00 11.00 26.50 9.50 26.50 8.00 24.00 9.25 24.00 11.00
6 46.00 8.50 49.50 8.50 49.98 8.18 49.98 7.33 47.50 6.50 46.00 8.00
8 42.00 39.00 43.00 40.00 44.33 40.00 45.29 37.14 45.18 36.97 44.83 36.83 42.17 38.17 42.00 38.50
6 22.00 31.25 21.50 31.00 20.50 31.00 19.50 31.50 21.00 33.00 22.00 32.00
7 39.17 16.83 38.50 17.50 38.50 19.83 38.75 20.00 39.25 20.00 40.00 19.50 40.00 17.25
6 42.50 6.00 42.35 6.12 41.70 8.70 43.00 10.00 44.50 8.50 44.50 7.00
5 29.00 34.50 27.50 31.50 26.00 32.25 26.00 34.33 26.50 34.50
7 41.50 27.50 42.25 27.25 42.93 25.21 42.90 25.10 42.50 24.83 40.50 24.17 40.50 27.00
6 3.50 39.00 4.95 41.91 5.68 42.03 5.75 42.00 7.50 38.50 6.50 37.50
6 30.00 1.50 30.25 1.00 30.00 0.50 27.50 0.50 27.21 1.36 27.50 1.50
4 7.50 1.50 10.50 1.50 10.50 -0.98 8.74 -0.98
5 45.64 28.79 45.00 27.50 42.50 27.50 43.50 29.50 44.86 29.95
4 21.50 29.50 20.50 29.50 20.50 31.00 21.50 31.00
5 49.50 8.50 48.50 9.50 48.50 12.00 49.98 12.00 49.98 8.18
6 41.00 28.50 41.50 27.50 40.50 27.00 39.00 27.00 38.50 27.50 38.50 28.50
6 7.50 25.50 7.50 23.00 6.00 23.00 4.83 24.17 4.71 24.64 6.00 25.50
8 6.00 25.50 4.71 24.64 3.29 25.36 3.17 25.83 4.50 28.50 5.10 29.10 5.21 29.07 6.00 27.50
6 28.50 2.50 28.50 4.50 29.10 5.10 30.50 4.75 30.50 3.50 30.00 2.50
4 42.00 31.50 40.50 31.50 40.50 32.50 42.00 32.50
7 47.17 16.00 46.50 17.00 46.50 19.17 47.21 19.64 47.50 19.50 49.98 17.02 49.98 16.00
4 21.50 33.50 21.00 33.00 19.50 34.50 21.50 34.50
5 22.50 24.50 22.50 27.50 24.50 25.50 24.21 24.64 24.00 24.50
8 5.10 29.10 4.83 29.50 4.17 31.50 4.50 32.00 6.00 32.00 7.00 31.00 7.00 29.67 5.21 29.07
7 26.50 16.50 24.00 17.75 23.86 17.95 23.93 18.21 25.50 19.00 26.00 19.00 26.50 18.50
5 13.85 36.38 16.50 35.50 16.50 32.50 14.00 35.00 13.61 36.18
9 17.00 31.38 17.05 31.41 17.86 31.57 18.00 31.50 19.50 28.50 19.50 26.83 19.02 26.20 18.93 26.21 17.00 27.50
5 12.50 26.50 11.50 27.50 12.00 28.50 14.00 28.50 14.00 27.25
7 34.50 40.50 35.50 41.50 36.50 40.50 36.50 38.50 35.90 37.90 34.95 38.14 34.33 40.00
7 22.50 24.50 21.50 24.17 19.23 25.68 19.02 26.20 19.50 26.83 22.36 27.79 22.50 27.50
5 41.00 36.50 38.50 36.50 39.25 38.00 40.00 38.00 41.00 37.00
5 46.33 14.00 46.50 13.50 45.50 11.50 44.00 13.00 44.00 14.00
7 35.10 5.10 35.50 4.83 35.50 0.50 34.75 1.00 33.50 3.50 33.50 5.30 33.94 5.39
6 17.32 47.27 20.10 43.10 20.29 42.36 19.00 41.50 17.00 41.50 17.00 46.88
5 12.00 6.50 12.00 4.67 10.50 4.17 9.79 4.64 9.17 6.50
5 45.50 48.50 43.50 48.50 43.50 49.98 47.86 49.98 47.50 49.50
5 49.98 23.02 49.98 23.00 47.50 23.00 47.50 25.00 48.00 25.00
4 38.50 39.50 36.50 38.50 36.50 40.50 38.83 40.50
4 11.50 19.00 11.50 17.50 9.50 17.50 11.17 19.17
6 47.17 16.00 46.83 15.50 43.50 15.50 43.25 16.25 44.00 17.00 46.50 17.00
4 10.17 25.17 9.00 24.00 7.50 25.50 10.00 25.50
5 21.50 11.50 20.21 8.93 19.50 8.75 19.50 12.50 21.17 12.50
6 24.00 6.33 24.00 2.20 23.20 1.72 22.83 2.00 21.30 4.30 23.50 6.50
6 34.00 48.00 33.17 47.17 32.90 47.10 30.02 49.98 34.50 49.98 34.50 49.00
7 17.00 13.00 15.00 15.00 14.83 15.50 18.17 15.50 18.50 15.00 18.50 13.50 17.50 13.00
6 11.50 20.50 10.83 19.83 10.50 20.00 10.50 22.50 11.00 22.67 11.50 22.50
6 4.50 8.00 3.50 8.50 3.25 9.25 4.00 10.00 5.50 10.00 5.50 8.00
5 44.00 22.50 45.50 22.50 46.00 22.00 44.50 20.50 43.75 22.00
8 22.50 14.50 22.00 14.25 21.50 15.00 21.50 15.50 22.50 17.50 23.86 17.95 24.00 17.75 24.00 16.00
5 39.75 24.00 40.25 24.00 41.17 22.17 39.50 20.50 39.50 23.83
