20
4 32.77 -0.96 31.13 -0.96 34.78 13.61 39.00 11.50
5 27.00 39.06 18.09 48.96 49.98 48.96 49.98 47.96 37.44 35.99
4 19.79 5.50 24.94 5.50 29.97 -0.96 17.94 -0.96
5 27.00 39.06 13.39 30.56 -0.98 38.17 -0.98 48.96 18.09 48.96
6 42.25 24.75 37.07 29.93 36.82 32.78 37.44 35.99 49.98 47.96 49.98 21.44
4 41.05 10.87 43.70 17.50 49.98 17.50 49.98 3.56
6 13.31 16.72 18.22 14.62 19.50 9.50 19.50 5.72 15.27 6.66 13.26 16.69
7 16.55 25.64 13.31 16.72 13.26 16.69 1.74 13.81 -0.98 15.10 -0.98 38.17 13.39 30.56
4 49.98 21.44 49.98 17.50 43.70 17.50 42.25 24.75
5 39.00 11.50 41.05 10.87 49.98 3.56 49.98 -0.96 32.77 -0.96
6 31.67 16.43 29.52 15.80 27.61 16.39 18.90 25.10 36.82 32.78 37.07 29.93
7 25.90 15.90 27.61 16.39 29.52 15.80 24.94 5.50 19.79 5.50 19.50 5.72 19.50 9.50
4 15.27 6.66 7.59 3.78 1.74 13.81 13.26 16.69
3 25.90 15.90 19.50 9.50 18.22 14.62
6 18.90 25.10 16.55 25.64 13.39 30.56 27.00 39.06 37.44 35.99 36.82 32.78
5 1.74 13.81 7.59 3.78 7.27 -0.96 -0.98 -0.96 -0.98 15.10
6 16.55 25.64 18.90 25.10 27.61 16.39 25.90 15.90 18.22 14.62 13.31 16.72
7 34.78 13.61 31.67 16.43 37.07 29.93 42.25 24.75 43.70 17.50 41.05 10.87 39.00 11.50
6 31.13 -0.96 29.97 -0.96 24.94 5.50 29.52 15.80 31.67 16.43 34.78 13.61
6 7.59 3.78 15.27 6.66 19.50 5.72 19.79 5.50 17.94 -0.96 7.27 -0.96
