100
22 29
9 22
31 7
41 1
38 47
0 24
0 29
23 39
39 44
49 9
38 17
16 32
1 29
34 18
25 38
0 6
33 22
28 5
29 37
49 25
42 11
11 1
18 22
40 20
49 30
30 40
32 33
47 23
16 41
34 41
29 22
39 5
32 17
7 11
6 23
7 16
34 31
0 47
25 29
31 42
28 1
31 34
9 16
25 19
35 27
5 26
32 10
3 26
8 18
39 46
40 13
20 39
6 39
39 9
30 30
26 14
18 45
23 0
30 22
10 15
10 28
23 5
3 29
22 43
7 6
45 37
35 42
8 1
21 27
34 35
30 20
44 42
28 38
34 19
41 42
16 38
42 8
39 43
48 40
28 18
35 8
30 9
31 46
45 4
11 21
16 45
34 20
26 27
19 34
35 24
48 42
6 6
45 38
42 5
26 19
20 43
6 40
42 4
9 20
45 41
